fuwa
E 188
1 0.5
1 0.5
1 0.5
1 0.5
1 0.5
0 0.5
1 0.5
0 0.5

4_1 0.5
4_1 0.5
4_1 0.5
4_1 0.5
5_1 0.5
5_1 0.5
5_1 0.5
5_1 0.5

1 0.5
1 0.5
1 0.5
1 0.5
1 0.5
0 0.5
1 0.5
0 0.5

4_1 0.5
4_1 0.5
4_1 0.5
4_1 0.5
5_1 0.5
5_1 0.5
5_1 0.5
5_1 0.5

1 0.5
1 0.5
1 0.5
1 0.5
1 0.5
0 0.5
1 0.5
0 0.5

4_1 0.5
4_1 0.5
4_1 0.5
4_1 0.5
5_1 0.5
5_1 0.5
5_1 0.5
5_1 0.5

1 0.5
1 0.5
1 0.5
1 0.5
1 0.5
0 0.5
1 0.5
0 0.5

4_1 0.5
4_1 0.5
4_1 0.5
4_1 0.5
5_1 0.5
5_1 0.5
5_1 0.5
5_1 0.5


0 0.5
1 0.5
1 0.5
1 0.5
1 0.5
1 0.5
1 0.5
1 1

1 0.5
1 0.5
1 0.5
1 0.5
1 0.5
2 0.5
1 0.5

3 0.5
1 0.5
1 1
0 0.5
5_1 1
5_1 1.5

5_1 1
5_1 1
5_1 1

0 0.5
1 0.5
1 0.5
1 0.5
1 0.5
1 0.5
1 0.5
1 0.5

1 0.5
1 0.5
1 0.5
1 0.5
1 0.5
1 0.5
2 0.5
1 0.5

7_1 2
1 1
1 0.5
2 1.5

0 0.5
3 1
3 0.5
2 0.5
1 0.5

6_1 1
1 0.5
3^1 1
3^1 0.5
2^1 0.5
1^1 0.5

6 1
1^1 0.5
3 1
3 0.5
2 0.5
1 0.5

5_1 1
1 0.5
3^1 1
3^1 0.5
2^1 0.5
1^1 0.5

5 1
1^1 0.5
3 1
3 0.5
2 0.5
1 0.5

1 1
6_1 0.5
1 1
1 1

2 1
7_1 1
6_1 1
7_1 1

6_1 1
5_1 0.5
5_1 1
3_1 1
3_1 2

3 1
3 0.5
2 0.5
1 0.5

6_1 1
1 0.5
3^1 1
3^1 0.5
2^1 0.5
1^1 0.5

6 1
1^1 0.5
3 1
3 0.5
2 0.5
1 0.5

5_1 4

5 3
4 1

3 1
1 0.5
3 1.5
0 1

3 1.5
2 1.5
1 1

5 0.5
5_1 0.5
7_1 0.5
5 0.5
5_1 0.5
7_1 0.5
5 0.5
5_1 0.5

5 0.5
0 0.5
5 0.5
0 0.5
3 1
4 1

5 1
5 0.5
5 1
3 0.5
4 0.5

5 1
5 0.5
5 1
3 0.5
4 0.5

5 1.5
5 1.5
4 0.5
3 0.5

2 2
3 1
2 2

1 1.5
3 1.5
6 1

5 1
3 1
1 1
6_1 1

3 3
2 1

2 2
3 1
4 1

5 1
5 0.5
5 1.5
3 0.5
4 0.5

5 1
5 0.5
5 1.5
3 0.5
4 0.5

5 4

5S 2
3 1
2 1

1 2
3 2

4 1.5
3 1.5
2 1

1 2
0 2

0 2
1 0.5
0 0.5
1 0.5
0 0.5

3 1
1 1
1^1 0.5
0 0.5
1^1 0.5
0 0.5

3^1 1
1^1 1
1 0.5
0 0.5
1 0.5
0 0.5

3 1
1 1
1^1 0.5
0 0.5
1^1 0.5
0 0.5

3^1 1
1^1 1
1 0.5
0 0.5
1 0.5
0 0.5

3 1
1 1
1^1 0.5
0 0.5
1^1 0.5
0 0.5

3^1 1
1^1 1
0 2


0 0.5
1 0.5
1 0.5
1 0.5
1 0.5
1 0.5
1 0.5
1 1

1 0.5
1 0.5
1 0.5
1 0.5
1 0.5
2 0.5
1 0.5

3 0.5
1 0.5
1 1
0 0.5
5_1 1
5_1 1.5

5_1 1
5_1 1
5_1 1

0 0.5
1 0.5
1 0.5
1 0.5
1 0.5
1 0.5
1 0.5
1 0.5

1 0.5
1 0.5
1 0.5
1 0.5
1 0.5
1 0.5
2 0.5
1 0.5

7_1 2
1 1
1 0.5
2 1.5

0 0.5
3 1
3 0.5
2 0.5
1 0.5

6_1 1
1 0.5
3^1 1
3^1 0.5
2^1 0.5
1^1 0.5

6 1
1^1 0.5
3 1
3 0.5
2 0.5
1 0.5

5_1 1
1 0.5
3^1 1
3^1 0.5
2^1 0.5
1^1 0.5

5 1
1^1 0.5
3 1
3 0.5
2 0.5
1 0.5

1 1
6_1 0.5
1 1
1 1

2 1
7_1 1
6_1 1
7_1 1

6_1 1
5_1 0.5
5_1 1
3_1 1
3_1 2

3 1
3 0.5
2 0.5
1 0.5

6_1 1
1 0.5
3^1 1
3^1 0.5
2^1 0.5
1^1 0.5

6 1
1^1 0.5
3 1
3 0.5
2 0.5
1 0.5

5_1 4

5 3
4 1

3 1
1 0.5
3 1.5
0 1

3 1.5
2 1.5
1 1

5 0.5
5_1 0.5
7_1 0.5
5 0.5
5_1 0.5
7_1 0.5
5 0.5
5_1 0.5

5 0.5
0 0.5
5 0.5
0 0.5
3 1
4 1

5 1
5 0.5
5 1
3 0.5
4 0.5

5 1
5 0.5
5 1
3 0.5
4 0.5

5 1.5
5 1.5
4 0.5
3 0.5

2 2
3 1
2 2

1 1.5
3 1.5
6 1

5 1
3 1
1 1
6_1 1

3 3
2 1

2 2
3 1
4 1

5 1
5 0.5
5 1.5
3 0.5
4 0.5

5 1
5 0.5
5 1.5
3 0.5
4 0.5

5 4

5S 2
3 1
2 1

1 2
3 2

4 1.5
3 1.5
2 1

1 2
0 2

0 2
1 0.5
0 0.5
1 0.5
0 0.5

3 1
1 1
1^1 0.5
0 0.5
1^1 0.5
0 0.5

3^1 1
1^1 1
1 0.5
0 0.5
1 0.5
0 0.5

3 1
1 1
1^1 0.5
0 0.5
1^1 0.5
0 0.5

3^1 1
1^1 1
1 0.5
0 0.5
1 0.5
0 0.5

3 1
1 1
1^1 0.5
0 0.5
1^1 0.5
0 0.5

3^1 1
1^1 1
0 2


0 5
4^1 0.5
5^1 0.5
4^1 0.5
2S^1 0.5
1^1 0.5
6S 0.5
5 0.5
6 0.5
5 0.5

4 0.5
2S 0.5
1 0.5
6S_1 0.5
5_1 0.5
6_1 0.5
5_1 0.5
4_1 0.5
2S_1 0.5
1_1 0.5
6S_2 0.5
5_2 0.5

6S_2 0.5
5_2 0.5
4_2 0.5
3_2 0.75
1_2 1
5_3 1.25

1 8

1^1 1
